4294967278,38
4294967294,421
4294967294,30
4294967294,1167
4294967294,1166
4294967294,1164
4294967294,1163
4294967294,1158
4294967294,1019
4294967294,992
4294967294,990
4294967294,989
4294967294,988
4294967294,987
4294967294,60
4294967294,93
4294967294,95
4294967294,50
4294967294,12
4294967294,1016
4294967294,92
4294967294,88
4294967294,81
4294967294,11
4294967294,68
4294967279,541
4294967278,349
4294967278,388
4294967278,0
4294967279,310
4294967278,387
4294967278,386
4294967294,67
4294967294,43
4294967294,417
4294967294,51
4294967279,180
4294967278,343
4294967279,304
4294967278,312
0,5
4294967278,311
4294967294,7
4294967279,327
4294967279,0
4294967278,385
4294967294,6
4294967279,536
4294967278,342
4294967278,384
4294967279,302
4294967279,301
4294967279,169
4294967279,167
4294967279,300
4294967278,308
4294967279,298
4294967278,306
4294967279,297
4294967278,304
4294967279,161
4294967279,294
4294967278,301
4294967279,293
4294967279,156
4294967278,341
4294967279,534
4294967279,533
4294967279,150
4294967279,149
4294967278,294
4294967279,288
4294967279,326
4294967278,337
4294967279,530
4294967279,529
4294967279,143
4294967278,291
4294967278,336
4294967279,527
4294967279,137
4294967278,136
4294967278,335
4294967279,325
4294967278,354
4294967278,351
4294967278,350
4294967278,348
4294967278,347
4294967278,345
4294967278,344
4294967279,548
4294967279,545
4294967279,542
4294967279,540
4294967279,538
4294967279,537
4294967279,268
4294967278,302
4294967278,346
4294967279,324
4294967279,539
4294967278,284
4294967294,1420
4294967278,267
4294967279,261
4294967278,334
4294967278,264
75,6
75,5
75,4
75,3
75,2
75,1
4294967279,281
4294967278,259
4294967278,258
4294967279,521
4294967278,331
4294967279,519
4294967278,332
4294967279,518
4294967278,329
4294967279,517
4294967278,328
4294967279,515
4294967278,327
4294967278,325
4294967278,246
72,4
72,3
72,2
72,1
4294967279,241
71,4
71,3
71,2
71,1
4294967278,324
4294967279,318
4294967278,233
70,6
4294967294,478
4294967279,227
4294967279,230
70,5
4294967279,225
4294967279,223
70,4
70,3
70,2
70,1
4294967279,221
4294967278,220
4294967279,219
4294967279,217
4294967279,215
69,5
4294967278,213
4294967279,213
69,4
69,3
69,2
69,1
4294967279,316
4294967278,320
4294967279,315
4294967279,207
4294967278,383
4294967279,313
68,5
4294967279,205
68,4
68,3
68,2
68,1
4294967278,319
4294967279,203
4294967294,477
4294967279,201
67,5
4294967278,318
67,4
67,3
67,2
67,1
4294967278,197
4294967279,197
4294967279,311
4294967279,323
4294967278,317
66,4
66,3
66,2
66,1
4294967279,193
4294967278,192
4294967279,308
4294967278,382
4294967278,316
4294967279,322
4294967278,315
4294967294,399
4294967294,1419
4294967294,415
4294967294,1172
4294967294,183
4294967294,167
4294967294,113
4294967294,110
4294967294,456
4294967294,391
4294967294,119
4294967279,307
4294967294,474
4294967278,314
4294967279,306
4294967279,305
4294967279,321
4294967278,313
4294967278,179
4294967279,179
4294967279,178
4294967279,303
4294967278,309
4294967279,166
4294967279,165
4294967278,307
4294967279,299
4294967278,333
4294967278,322
4294967279,514
4294967279,523
4294967279,163
4294967279,296
4294967278,305
4294967279,295
4294967278,303
4294967279,160
4294967279,159
4294967278,158
4294967278,298
4294967279,291
4294967278,299
4294967279,154
4294967279,153
4294967279,152
4294967279,290
4294967278,297
4294967279,151
4294967278,296
4294967279,146
4294967278,149
65,6
4294967279,148
65,5
4294967278,148
65,4
4294967279,147
65,3
65,2
65,1
4294967279,287
4294967278,381
4294967279,142
4294967294,1101
4294967279,141
4294967279,286
4294967279,140
4294967279,139
4294967279,136
4294967279,138
4294967279,272
4294967279,285
4294967279,135
4294967278,135
4294967279,134
4294967278,380
4294967279,133
4294967278,288
62,4
4294967279,282
62,3
62,2
62,1
4294967278,287
4294967279,279
4294967278,274
4294967279,280
4294967279,277
61,4
4294967278,270
61,3
61,2
61,1
4294967279,265
4294967278,269
4294967279,263
4294967279,262
60,6
4294967278,265
4294967279,320
60,5
4294967279,257
4294967278,285
4294967279,256
60,4
60,3
60,2
60,1
4294967279,255
4294967278,261
4294967279,254
4294967278,257
4294967279,253
59,5
59,4
59,3
59,2
59,1
4294967279,252
4294967278,379
4294967279,269
4294967279,251
58,5
4294967279,250
4294967279,249
58,4
4294967278,250
58,3
58,2
58,1
4294967279,248
4294967278,248
4294967278,242
4294967279,245
4294967279,246
4294967278,245
4294967279,243
57,5
4294967279,239
57,4
4294967279,237
57,3
57,2
57,1
4294967279,238
4294967279,236
4294967279,235
4294967279,233
4294967278,232
4294967279,231
56,4
4294967278,230
56,3
56,2
56,1
4294967279,229
4294967279,228
4294967278,378
4294967278,227
4294967279,226
4294967278,223
4294967279,222
4294967279,220
4294967294,1171
4294967294,385
4294967294,384
4294967294,180
4294967294,418
4294967294,449
4294967294,458
4294967278,219
4294967279,218
4294967279,216
4294967279,214
4294967278,377
4294967279,212
4294967279,211
4294967294,436
4294967278,376
4294967279,209
4294967279,208
4294967278,375
4294967279,206
4294967279,204
4294967278,202
4294967279,202
4294967294,1418
4294967294,83
4294967293,131
4294967293,130
4294967293,129
4294967293,128
4294967293,127
4294967293,126
4294967293,125
4294967293,124
4294967293,123
4294967293,122
4294967293,121
4294967293,120
4294967293,119
4294967293,118
4294967293,117
4294967293,116
4294967293,115
4294967293,114
4294967293,113
4294967293,112
4294967293,111
4294967293,110
4294967293,109
4294967293,108
4294967293,107
4294967293,106
4294967293,105
4294967293,104
4294967293,103
4294967293,102
4294967293,101
4294967293,100
4294967293,99
4294967293,98
4294967293,97
4294967293,96
4294967293,95
4294967293,94
4294967293,93
4294967293,92
4294967293,91
4294967293,90
4294967293,89
4294967293,87
4294967293,86
4294967293,85
4294967293,84
4294967293,83
4294967293,82
4294967293,81
4294967293,80
4294967293,79
4294967293,78
4294967293,77
